1.244553
4.070358
3.410965
2.2796332.3103331.7023770.7136844.1311804.0660865.7709660.5968320.4113623.4252012.9624020.4646914.0350490.0146792.8688664.6084598.1588131.1377112.3387912.8642434.0310521.7975625.8124694.0597538.1321721.7678532.2666932.9552460.5724031.6720121.7316590.5946660.0674741.1444856.9124302.383682
1.195694
2.837982
4.666824
3.337189
1.311111
6.374359
3.537552
3.448898
4.026459
1.746704
9.166412
1.969681
0.472809
2.946381
1.215012
1.657379
1.782135
1.833435
1.738922
1.665985
2.876648
8.659164
5.224167
5.224243
3.529251
0.659760
3.456512
0.655228
1.738754
9.250885
0.029114
1.169479
1.154617
2.261963
2.294174
2.881775
2.888535
6.350037
0.659760
5.825241
0.460938
3.538452
0.000000
2.313522
0.677933
1.047318
2.224823
2.913162
0.420853
3.507156
1.303925
1.291031
2.246658
6.942429
1.865112
3.963806
5.283356
4.035049
4.001480
1.188660
5.068665
1.731659
5.772751
1.731659
2.294220
0.674240
1.103195
1.753601
0.574936
4.623520
0.499390
0.476089
1.761139
2.696564
2.979416
4.077606
0.547867
0.029449
1.059250
1.575928
6.329376
2.253311
2.921356
1.848419
0.014481
4.571030
2.866440
1.876205
0.587402
1.753876
4.161545
1.088638
4.702225
0.000000
2.922470
2.895416
5.224869
1.186508
1.202652
2.884262
0.691788
1.307556
4.577667
4.038162
0.488922
5.772736
1.134949
4.480621
0.393188
0.527359
1.753601
1.117752
0.036377
3.522354
0.452377
0.000000
4.006866
6.330490
3.448898
0.673904
1.113449
2.365250
0.572342
1.716187
2.786636
0.567474
2.294220
0.103088
2.958542
7.473923
0.577286
2.348083
0.569595
0.957443
0.652283
1.753601
0.550888
5.195297
1.193771
0.553162
2.852005
2.776627
5.275223
1.694000
0.086578
1.650574
4.429550
0.528580
3.470306
2.979233
0.014877
2.463257
1.269135
8.066376
2.265701
2.871307
0.611801
1.278336
0.007462
2.102066
5.282990
1.634613
0.599579
1.154419
3.897186
0.673904
1.251221
2.198608
1.049164
0.014679
6.377197
1.073685
2.950012
1.222321
0.176773
2.816940
3.410965
5.797729
3.433060
5.820328
1.124939
0.577316
0.007248
1.717346
0.372711
4.115051
